-0.221849
-0.201883
-0.221849
-0.221849
-0.221849
-0.221849
-0.0102121
0.183167
0.0360378
0.151141
0.336178
0.236633
0.215668
0.329053
-0.221849
-0.221849
0.0461166
-0.00997946
0.162226
0.0808155
-0.221849
-0.032866
-0.121311
-0.221849
-0.221849
0.0180811
-0.221849
-0.221849
-0.160269
-0.221849
-0.221849
-0.221849
-0.0394016
0.170463
0.0431986
-0.221849
-0.00130225
-0.0846099
-0.221849
0.0197224
-0.221849
0.00502682
-0.221849
-0.0323969
0.159158
-0.152907
-0.221849
-0.0636394
-0.221849
-0.221849
-0.221849
-0.221849
-0.221849
0.0346256
0.0620513
0.143023
0.0191235
0.120202
0.128193
0.370656
-0.00819345
0.486841
-0.221849
-0.221849
-0.11725
-0.221849
-0.074576
0.109939
0.259443
0.327347
-0.103623
0.0188793
0.0735136
-0.221849
-0.221849
-0.221849
-0.221849
-0.221849
0.0609072
0.204791
-0.055108
0.165358
0.0871432
0.327359
0.337974
0.305675
0.294961
0.346116
0.521646
0.581953
0.325392
0.26392
0.283598
0.637688
0.387639
0.460107
0.163187
0.590331
-0.221849
-0.221849
-0.221849
-0.0477414
-0.221849
0.0114142
0.0696327
0.182297
0.324662
0.428562
0.472244
0.378069
0.540172
-0.0572861
0.136261
0.266886
0.285333
0.698269
0.0253434
-0.221849
-0.221849
-0.221849
-0.0949162
0.00402985
0.258543
0.155639
0.303736
-0.011195
0.063894
-0.221849
0.04291
-0.0977276
-0.221849
-0.221849
-0.0802495
-0.126566
0.088528
-0.00385136
-0.221849
-0.221849
0.0226338
-0.221849
-0.0151653
-0.221849
-0.0150469
-0.221849
-0.221849
-0.221849
-0.221849
-0.221849
-0.221849
-0.221849
-0.221849
-0.00771441
-0.0570581
-0.221849
-0.221849
-0.221849
-0.221849
-0.221849
0.0377221
-0.0786013
0.0645835
-0.0715185
0.27732
0.302125
0.0815589
0.47716
-0.064957
0.18877
-0.221849
-0.221849
0.0753074
0.053024
-0.221849
-0.221849
-0.00482226
-0.221849
-0.221849
-0.101218
0.204
-0.221849
-0.221849
-0.221849
0.0575043
-0.221849
0.0659218
0.144144
-0.221849
-0.221849
-0.0172286
-0.221849
0.029083
-0.221849
-0.0485862
-0.221849
-0.221849
-0.0997101
-0.221849
-0.221849
-0.213631
-0.221849
-0.221849
-0.221849
-0.13964
0.0956728
0.228419
0.254409
0.078615
-0.221849
-0.221849
-0.221849
-0.221849
-0.221849
-0.221849
0.0496974
0.140136
0.330127
0.382465
0.290422
0.511344
0.0943534
-0.0868626
-0.221849
-0.221849
-0.221849
0.0631089
-0.139656
-0.221849
-0.0656559
-0.221849
-0.0412495
-0.0115066
-0.221849
-0.221849
0.00120193
-0.221849
-0.221849
-0.221849
0.0566528
-0.221849
-0.221849
-0.221849
-0.221849
-0.0793436
0.036108
0.256548
-0.221849
-0.0179459
0.134852
0.221571
0.298229
0.517209
0.382355
0.0669586
0.227648
0.670447
0.223697
0.128313
0.306545
0.329569
-0.221849
-0.221849
-0.221849
-0.221849
-0.221849
-0.221849
-0.221849
-0.221849
-0.221849
-0.0148226
-0.221849
-0.221849
0.0784618
0.0382953
-0.221849
0.0142011
-0.221849
-0.221849
-0.221849
-0.221849
0.0663687
-0.221849
-0.221849
-0.00420402
0.0332721
-0.221849
-0.221849
-0.221849
-0.221849
-0.0727381
-0.221849
-0.221849
-0.221849
-0.221849
-0.221849
0.0602809
-0.221849
-0.0492213
-0.221849
-0.221849
-0.221849
0.0447122
-0.221849
-0.221849
0.0398884
0.24441
0.290405
0.387633
-0.221849
-0.221849
-0.221849
-0.221849
-0.221849
-0.221849
-0.00338818
-0.221849
-0.221849
-0.0829681
0.012782
-0.221849
-0.221849
-0.221849
-0.221849
0.0635569
-0.221849
-0.221849
-0.221849
-0.221849
-0.221849
-0.221849
-0.221849
-0.0143837
0.180015
0.21392
-0.221849
0.048521
-0.221849
0.0364603
0.158653
-0.0572451
0.118514
-0.221849
0.0580687
-0.221849
-0.221849
-0.221849
-0.221849
-0.221849
-0.221849
-0.221849
-0.221849
-0.0169545
-0.221849
-0.0944546
-0.221849
-0.221849
-0.221849
0.0607293
-0.221849
-0.221849
-0.0698697
-0.221849
-0.169386
-0.174536
-0.0345197
-0.221849
-0.221849
-0.207243
0.0435171
0.231195
0.320181
0.443588
0.364052
0.593561
-0.221849
-0.221849
0.0606751
0.108851
0.328691
0.357388
0.325241
0.450157
-0.0401932
0.0290455
-0.221849
-0.155436
-0.221849
0.0313564
-0.00835893
-0.221849
-0.221849
-0.221849
-0.221849
-0.221849
-0.221849
-0.0280105
-0.137839
-0.221849
0.0409002
0.0100959
0.0430581
0.19872
-0.0224914
0.0894485
-0.221849
-0.221849
-0.188647
-0.221849
0.0491921
-0.221849
0.0531504
-0.221849
-0.0809894
-0.221849
-0.221849
-0.221849
-0.221849
-0.221849
-0.136263
0.0229807
-0.221849
-0.221849
0.0284398
0.0755958
-0.148354
-0.0803345
0.131445
0.531221
0.223808
-0.221849
-0.217455
0.0719481
0.369234
0.322938
0.401486
-0.221849
-0.221849
-0.0514353
0.0421181
-0.221849
-0.221849
0.0404282
0.235235
0.0132572
0.165788
-0.104202
0.575143
-0.165495
-0.221849
-0.221849
0.0500965
-0.171636
0.0255739
-0.221849
-0.17906
-0.221849
-0.221849
-0.221849
-0.221849
-0.221849
0.0573749
-0.221849
-0.221849
-0.0313972
0.022713
-0.221849
-0.221849
-0.221849
-0.221849
-0.221849
-0.221849
-0.0942753
-0.102264
-0.221849
-0.221849
-0.0399369
0.165508
0.00181527
-0.0148545
-0.221849
-0.0690147
0.244893
0.0311559
0.323142
0.185679
0.376318
0.307253
0.297551
0.0646847
-0.221849
-0.221849
-0.0125686
-0.221849
-0.221849
-0.221849
-0.053492
-0.221849
-0.013652
-0.221849
-0.221849
-0.106973
-0.0740545
0.0590205
0.123407
-0.0490501
-0.0750837
-0.134324
-0.221849
-0.0895999
-0.221849
-0.221849
-0.221849
-0.221849
-0.221849
-0.221849
-0.00971208
-0.221849
-0.221849
-0.070712
-0.0734463
-0.221849
-0.221849
-0.221849
-0.221849
-0.00123082
0.160666
-0.221849
-0.221849
-0.221849
-0.221849
-0.221849
0.00710927
0.210551
-0.221849
-0.221849
-0.221849
-0.221849
-0.221849
-0.221849
-0.221849
-0.221849
-0.221849
-0.221849
-0.0476135
-0.221849
-0.221849
-0.221849
0.035306
-0.221849
-0.221849
-0.221849
-0.221849
-0.221849
-0.221849
-0.221849
-0.221849
-0.221849
0.054523
0.214961
-0.143338
-0.0358986
0.00830288
0.528124
0.0830815
0.00838987
-0.221849
0.0229532
0.215249
-0.0531905
-0.221849
-0.221849
-0.221849
-0.0883827
-0.0347562
0.169317
0.224886
0.367543
0.218274
-0.221849
-0.119909
-0.221849
-0.0212918
-0.135307
0.0938499
0.288761
-0.221849
-0.221849
-0.221849
-0.221849
-0.189483
-0.221849
-0.221849
-0.221849
-0.221849
-0.0981112
-0.215809
0.0469119
0.0736833
-0.00676638
0.323434
-0.221849
-0.0576553
-0.00704074
-0.221849
-0.221849
0.0245722
0.0899804
0.177732
0.364165
-0.096808
-0.221849
-0.221849
-0.221849
-0.221849
-0.221849
-0.221849
0.0647186
-0.221849
-0.20083
-0.221849
-0.221849
-0.221849
-0.221849
-0.221849
-0.0284244
-0.221849
-0.221849
-0.221849
-0.221849
-0.221849
-0.221849
-0.221849
-0.221849
-0.221849
0.0325337
0.0296366
0.0429095
-0.221849
-0.221849
-0.221849
-0.221849
0.0546202
-0.221849
-0.221849
-0.221849
0.0274331
0.173385
0.0742644
-0.218661
-0.0650236
0.277534
0.178345
0.29227
0.475329
0.46088
-0.0100714
-0.117777
0.250621
-0.196899
-0.0861791
-0.0786635
-0.221849
-0.195468
-0.221849
-0.221849
-0.221849
-0.221849
-0.221849
-0.221849
-0.0440224
0.137999
-0.221849
0.0632238
-0.221849
-0.221849
-0.221849
-0.221849
-0.221849
-0.221849
-0.221849
-0.110116
-0.221849
-0.221849
-0.221849
-0.221849
0.0142333
-0.221849
-0.221849
-0.221849
-0.221849
0.000900913
0.0774816
0.148749
0.273957
0.248701
0.321224
0.15338
-0.181129
-0.0360748
-0.221849
-0.0111314
0.0161843
-0.221849
-0.221849
-0.221849
-0.221849
-0.221849
-0.221849
-0.0279609
0.0544499
-0.221849
-0.221849
-0.0769607
-0.221849
-0.221849
-0.221849
-0.221849
-0.221849
0.0769156
-0.221849
0.00320238
0.153928
-0.221849
-0.152688
0.0167907
0.0567299
-0.221849
0.0380285
-0.221849
-0.0103681
-0.221849
-0.221849
-0.221849
-0.160421
0.0741413
-0.221849
-0.0171657
-0.221849
-0.0801178
-0.221849
-0.221849
-0.00345459
0.0655396
0.0943191
-0.221849
-0.0183214
-0.221849
-0.221849
-0.13575
-0.115576
0.201072
-0.0277821
-0.0214659
0.115318
0.0922854
-0.221849
-0.221849
0.0220529
0.0621374
0.241314
0.34833
0.463205
-0.221849
0.0211875
0.078681
-0.221849
-0.0947835
-0.221849
0.0598164
-0.221849
-0.221849
0.00339958
0.0762793
0.217639
-0.221849
-0.12889
0.0590632
-0.221849
-0.171993
-0.221849
-0.221849
-0.085477
-0.221849
-0.221849
-0.200038
-0.00210577
-0.221849
-0.221849
-0.221849
-0.0124643
-0.221849
-0.161884
-0.165464
-0.221849
-0.0747293
-0.1988
-0.221849
-0.0480263
0.143145
-0.0780974
0.199653
0.279804
0.388835
0.460926
-0.221849
-0.221849
-0.0504939
0.109403
-0.13374
-0.221849
-0.221849
-0.221849
-0.221849
-0.166204
0.0876901
-0.221849
0.0113079
0.0784569
-0.221849
-0.221849
0.0317571
-0.221849
0.0110269
-0.199854
0.278788
-0.148497
-0.221849
-0.221849
-0.00182245
0.240239
-0.221849
-0.221849
-0.221849
0.0264359
0.103376
-0.221849
-0.0341421
0.17431
-0.00730845
-0.221849
-0.221849
-0.221849
-0.221849
-0.221849
-0.221849
-0.221849
-0.221849
-0.143051
-0.221849
-0.221849
-0.221849
-0.159314
-0.221849
-0.221849
-0.221849
-0.221849
-0.221849
0.0621114
-0.177541
-0.130454
-0.0889658
0.220439
-0.221849
-0.221849
-0.140418
0.158006
0.209125
-0.0752462
0.464885
-0.221849
-0.221849
-0.221849
-0.208361
-0.221849
-0.221849
-0.221849
-0.000334061
0.0597901
-0.221849
0.0364729
-0.221849
-0.221849
0.0492077
0.0458086
-0.221849
-0.221849
-0.221849
-0.221849
0.0712201
-0.221849
-0.221849
-0.221849
-0.217439
-0.221849
-0.221849
-0.0952731
0.124254
-0.221849
-0.221849
-0.0608886
-0.221849
-0.221849
-0.0282312
-0.124731
0.228481
-0.00342222
0.153314
-0.123011
-0.0824405
-0.0678788
0.0965611
-0.221849
-0.221849
-0.221849
-0.0243971
-0.221849
-0.221849
-0.221849
-0.155844
-0.221849
-0.221849
-0.115206
0.251204
0.123488
-0.221849
-0.221849
-0.221849
-0.200862
0.125297
-0.221849
-0.221849
-0.221849
-0.221849
0.0653519
-0.221849
-0.221849
0.0121369
0.228363
0.0500589
0.161603
0.261912
0.345616
0.337495
0.27621
0.234842
0.217697
0.277804
0.153416
0.463962
0.298639
-0.195459
0.655433
-0.209119
-0.221849
0.031921
0.211015
-0.221849
0.0629983
-0.119257
-0.0206323
0.161252
-0.221849
-0.221849
-0.221849
-0.221849
-0.213893
-0.149152
0.216468
-0.221849
-0.221849
-0.199251
-0.221849
-0.221849
-0.221849
-0.221849
-0.0342762
-0.201008
-0.221849
-0.191826
-0.221849
-0.0565032
-0.221849
-0.221849
-0.221849
-0.180728
-0.221849
-0.221849
-0.221849
-0.136573
0.182347
-0.221849
-0.22035
0.0690206
-0.212999
-0.221849
-0.221849
-0.221849
-0.189501
-0.221849
-0.221849
-0.221849
-0.221849
-0.221849
-0.221849
-0.206322
-0.221849
-0.221849
-0.206121
-0.221849
-0.221849
-0.221849
-0.159283
-0.221849
-0.186374
-0.221849
-0.221849
-0.221849
-0.0440359
-0.221849
-0.221849
-0.221849
-0.148965
-0.221849
-0.221849
-0.0149313
0.067181
-0.221849
-0.0756824
0.0215147
-0.0208234
-0.0386276
-0.0132369
-0.221849
0.0702217
-0.221849
-0.216663
-0.221849
-0.221849
-0.106639
-0.221849
-0.221849
-0.221849
-0.221849
-0.221849
-0.136678
-0.221849
-0.221849
-0.221849
-0.221849
-0.221849
-0.221849
-0.00636361
-0.221849
-0.221849
-0.221849
0.00643599
-0.221849
0.0134878
-0.221849
-0.0660067
-0.0943941
0.369698
0.278994
0.0324442
0.0830266
0.493818
-0.221849
-0.0998899
-0.221849
-0.138289
-0.221849
-0.221849
-0.0717862
-0.221849
-0.221849
-0.221849
-0.221849
-0.0994629
-0.221849
-0.221849
-0.0503174
-0.221849
-0.221849
-0.221849
0.0750721
-0.0134131
-0.221849
-0.221849
-0.140617
-0.178513
-0.209492
-0.112664
0.0367251
-0.212705
0.0577356
-0.114749
0.199207
-0.221849
0.0116533
0.0435223
-0.221849
-0.221849
-0.0427353
-0.221849
-0.221849
0.0109839
-0.221849
-0.221849
-0.221849
-0.107103
-0.221849
-0.221849
-0.221849
0.053647
0.139685
0.281777
0.387456
0.0159391
0.521634
0.158488
-0.221849
-0.221849
-0.0255737
-0.221849
-0.221849
-0.221849
-0.221849
0.0460771
0.17382
0.181051
0.0855929
-0.141561
-0.221849
-0.221849
-0.221849
0.011266
0.152603
-0.221849
-0.0435103
-0.221849
-0.221849
-0.221849
-0.221849
0.0578636
0.22433
-0.172099
0.0762185
0.200264
0.294326
0.208659
0.275191
0.355164
-0.221849
-0.221849
-0.042038
-0.221849
0.0557026
0.225371
0.219296
0.329056
-0.0499871
0.408189
-0.221849
-0.221849
-0.221849
-0.221849
-0.221849
-0.221849
0.0717011
0.238257
0.199176
-0.13024
0.124571
-0.107578
-0.221849
0.0394771
-0.221849
0.0657634
-0.181733
-0.221849
-0.221849
0.0248758
-0.0827574
-0.221849
-0.221849
-0.221849
-0.181579
-0.221849
-0.221849
-0.221849
-0.0134235
0.000141474
0.12154
-0.221849
-0.0511669
0.220708
-0.0339853
0.0185521
-0.221849
-0.221849
0.00136194
0.150424
0.295241
-0.221849
-0.221849
-0.221849
-0.221849
-0.221849
-0.0601005
-0.221849
-0.221849
0.0132456
-0.221849
-0.221849
-0.221849
0.0328442
-0.221849
-0.221849
-0.00309517
0.167446
0.157088
0.215309
0.0731641
0.266172
-0.221849
-0.221849
-0.221849
-0.221849
-0.221849
-0.188189
-0.0081886
-0.221849
-0.0940331
-0.221849
-0.221849
-0.221849
-0.0480578
-0.221849
-0.221849
-0.221849
-0.221849
-0.221849
0.0509447
-0.221849
0.0606952
0.227504
0.250974
0.173003
0.508632
0.0598765
-0.221849
-0.221849
-0.221849
0.0335262
0.234179
-0.0164694
0.226522
-0.221849
-0.0347002
0.151058
0.194402
0.0681575
0.228299
-0.221849
-0.221849
-0.221849
-0.221849
-0.221849
0.0263042
-0.0161908
0.0496715
0.320855
0.21473
0.269682
0.25492
0.308158
0.346198
0.475714
0.261464
0.410513
0.236777
0.549125
0.390053
0.4948
-0.13534
0.114729
0.0599321
0.0104787
0.182239
0.118018
0.53715
0.473408
0.484185
0.135168
0.455242
-0.221849
-0.0212946
-0.221849
-0.221849
-0.148441
0.105704
-0.143097
-0.221849
-0.221849
0.0364584
0.048061
-0.221849
-0.0664131
-0.221849
-0.0760044
-0.221849
-0.221849
-0.11639
-0.221849
-0.221849
-0.221849
0.0215313
-0.221849
-0.136674
0.0147589
0.199708
-0.161956
-0.0253594
-0.221849
-0.221849
-0.221849
0.0737027
-0.221849
-0.221849
-0.00582917
-0.221849
0.0190297
0.209807
-0.221849
-0.221849
-0.221849
-0.221849
0.0780455
0.247184
-0.221849
-0.221849
-0.221849
-0.221849
-0.221849
0.0309786
-0.221849
-0.221849
-0.140006
-0.221849
-0.221849
0.00195086
0.186358
-0.221849
0.0208605
-0.0406961
-0.221849
-0.221849
-0.0772191
-0.195282
-0.221849
-0.221849
-0.113606
-0.221849
-0.221849
-0.221849
-0.198622
-0.221849
-0.221849
-0.221849
-0.00212986
-0.221849
-0.221849
-0.221849
-0.221849
0.0604089
-0.025667
-0.221849
-0.221849
-0.221849
-0.221849
-0.221849
-0.221849
-0.000675619
0.0872687
0.348691
-0.221849
-0.221849
-0.221849
-0.221849
-0.0938188
-0.154752
0.0680142
-0.221849
-0.221849
-0.221849
-0.221849
-0.221849
0.00999674
-0.115891
0.0700661
-0.0834057
-0.221849
-0.221849
-0.198798
-0.221849
-0.221849
0.0593177
-0.221849
-0.221849
-0.180351
-0.221849
-0.219379
-0.0161612
0.161186
-0.221849
0.00502427
0.170354
0.211851
-0.221849
-0.221849
-0.221849
-0.221849
-0.221849
-0.221849
-0.162879
-0.221849
0.0126115
-0.221849
-0.221849
-0.221849
-0.221849
-0.0523151
-0.221849
-0.221849
-0.221849
-0.221849
-0.185828
-0.221849
-0.221849
-0.221849
0.0738278
-0.221849
-0.102642
-0.221849
-0.221849
-0.01734
0.251952
0.129515
0.018281
-0.221849
-0.0480249
-0.221849
-0.221849
0.0609241
-0.221849
-0.221849
-0.221849
-0.221849
-0.221849
-0.221849
-0.111262
0.126622
0.11277
-0.221849
-0.221849
-0.221849
0.0739691
-0.0832283
0.19945
0.0303355
0.0692623
0.245024
0.332518
0.259858
0.304904
0.141183
-0.221849
-0.221849
-0.221849
-0.0611341
-0.117625
-0.149191
-0.0951275
0.00191641
0.152763
0.130372
-0.221849
-0.206363
-0.0317321
0.0627286
-0.221849
0.0510991
0.17826
-0.204539
0.0555528
0.253852
0.260803
0.372562
0.451453
-0.221849
0.0784891
-0.221849
-0.135642
-0.221849
-0.0908289
-0.221849
-0.221849
-0.0974226
0.0583188
0.187627
0.0525719
0.216575
0.355308
0.324493
0.384627
-0.0313492
0.36123
-0.064293
-0.0318251
-0.221849
-0.221849
-0.221849
0.0544083
-0.221849
0.0755688
0.153668
0.107152
-0.221849
-0.221849
0.0707009
-0.0861242
-0.221849
-0.221849
-0.142328
0.0154754
0.0862913
0.0610618
-0.11998
0.380785
-0.163271
-0.221849
-0.221849
-0.221849
-0.221849
-0.221849
-0.221849
-0.221849
-0.221849
-0.192439
-0.129222
0.232299
-0.0466032
0.0469561
0.126765
0.0408778
-0.221849
-0.221849
-0.221849
-0.0392746
0.0531931
-0.221849
-0.221849
-0.221849
-0.169779
0.249708
0.107838
-0.221849
-0.221849
-0.221849
-0.221849
-0.221849
-0.198268
-0.0913623
0.0542974
-0.203737
0.337162
-0.215585
0.0154752
-0.221849
-0.221849
-0.221849
-0.221849
-0.0323938
0.203505
0.190926
0.341468
0.227064
-0.0906367
-0.123392
-0.221849
-0.221849
-0.221849
-0.221849
-0.221849
0.0665586
0.0748439
-0.0547117
-0.221849
-0.221849
-0.221849
-0.221849
-0.0414463
0.125181
-0.213984
-0.221849
-0.0898562
-0.101646
-0.221849
-0.221849
-0.026209
-0.221849
-0.0227544
0.128407
-0.0449388
-0.00415306
0.267713
-0.221849
-0.0758845
-0.101822
-0.0767903
-0.221849
-0.221849
-0.221849
-0.134143
0.239761
0.040586
-0.165659
-0.221849
-0.221849
0.0754518
0.176657
-0.221849
-0.221849
-0.133072
0.077313
0.355493
0.195481
-0.221849
0.0440759
-0.015449
-0.221849
-0.130324
0.124389
0.131197
0.0473519
-0.221849
0.0315811
-0.157388
0.134855
-0.221849
-0.221849
-0.166223
0.0539065
-0.221849
-0.221849
-0.0140677
-0.221849
0.0600457
-0.0240093
-0.221849
-0.152729
-0.221849
-0.221849
0.0133962
-0.221849
-0.221849
-0.0692791
-0.221849
-0.221849
-0.0719155
-0.0112534
0.0619402
0.316397
0.0484337
0.136113
-0.221849
-0.169271
-0.0905165
-0.0679881
0.393883
-0.221849
-0.0694909
-0.162685
-0.074272
-0.221849
-0.221849
-0.20592
-0.221849
0.0418467
0.138144
0.0410301
-0.221849
-0.221849
-0.221849
-0.00999266
-0.221849
-0.221849
0.0633153
-0.221849
-0.221849
-0.172216
-0.221849
0.0681135
0.245132
0.350874
-0.221849
-0.221849
-0.221849
-0.221849
-0.221849
-0.221849
-0.221849
-0.221849
-0.166144
-0.206186
-0.090537
-0.221849
-0.221849
-0.221849
-0.221849
-0.220995
0.215751
-0.19513
-0.221849
-0.221849
-0.00355415
-0.221849
-0.221849
-0.0217434
-0.221849
0.0502183
0.0354232
0.0849943
0.194292
0.444569
0.116537
-0.0741344
-0.221849
-0.221849
-0.221849
-0.221849
